71 
64 
17 
16 
0 
66 
240 
37 
0 
1 
193 
0 
0 
255 
1 
255 
0 
1 
252 
128 
20 
72 
18 
1 
6 
70 
70 
109 
112 
101 
103 
9 
83 
101 
114 
118 
105 
99 
101 
48 
49 
119 
124 
67 
202 
255 
255 
255 
255 
255 
255 
255 
255 
255 
255 
255 
255 
255 
255 
255 
255 
255 
255 
255 
255 
255 
255 
255 
255 
255 
255 
255 
255 
255 
255 
255 
255 
255 
255 
255 
255 
255 
255 
255 
255 
255 
255 
255 
255 
255 
255 
255 
255 
255 
255 
255 
255 
255 
255 
255 
255 
255 
255 
255 
255 
255 
255 
255 
255 
255 
255 
255 
255 
255 
255 
255 
255 
255 
255 
255 
255 
255 
255 
255 
255 
255 
255 
255 
255 
255 
255 
255 
255 
255 
255 
255 
255 
255 
255 
255 
255 
255 
255 
255 
255 
255 
255 
255 
255 
255 
255 
255 
255 
255 
255 
255 
255 
255 
255 
255 
255 
255 
255 
255 
255 
255 
255 
255 
255 
255 
255 
255 
255 
255 
255 
255 
255 
255 
255 
255 
255 
255 
255 
255 
255 
255 
255 
255 
71 
64 
0 
16 
0 
0 
176 
13 
0 
1 
193 
0 
0 
0 
1 
240 
0 
42 
177 
4 
178 
255 
255 
255 
255 
255 
255 
255 
255 
255 
255 
255 
255 
255 
255 
255 
255 
255 
255 
255 
255 
255 
255 
255 
255 
255 
255 
255 
255 
255 
255 
255 
255 
255 
255 
255 
255 
255 
255 
255 
255 
255 
255 
255 
255 
255 
255 
255 
255 
255 
255 
255 
255 
255 
255 
255 
255 
255 
255 
255 
255 
255 
255 
255 
255 
255 
255 
255 
255 
255 
255 
255 
255 
255 
255 
255 
255 
255 
255 
255 
255 
255 
255 
255 
255 
255 
255 
255 
255 
255 
255 
255 
255 
255 
255 
255 
255 
255 
255 
255 
255 
255 
255 
255 
255 
255 
255 
255 
255 
255 
255 
255 
255 
255 
255 
255 
255 
255 
255 
255 
255 
255 
255 
255 
255 
255 
255 
255 
255 
255 
255 
255 
255 
255 
255 
255 
255 
255 
255 
255 
255 
255 
255 
255 
255 
255 
255 
255 
255 
255 
255 
255 
255 
255 
255 
255 
255 
255 
255 
255 
255 
255 
255 
255 
255 
255 
255 
255 
71 
80 
0 
16 
0 
2 
176 
18 
0 
1 
193 
0 
0 
225 
0 
240 
0 
2 
225 
0 
240 
0 
158 
139 
35 
209 
255 
255 
255 
255 
255 
255 
255 
255 
255 
255 
255 
255 
255 
255 
255 
255 
255 
255 
255 
255 
255 
255 
255 
255 
255 
255 
255 
255 
255 
255 
255 
255 
255 
255 
255 
255 
255 
255 
255 
255 
255 
255 
255 
255 
255 
255 
255 
255 
255 
255 
255 
255 
255 
255 
255 
255 
255 
255 
255 
255 
255 
255 
255 
255 
255 
255 
255 
255 
255 
255 
255 
255 
255 
255 
255 
255 
255 
255 
255 
255 
255 
255 
255 
255 
255 
255 
255 
255 
255 
255 
255 
255 
255 
255 
255 
255 
255 
255 
255 
255 
255 
255 
255 
255 
255 
255 
255 
255 
255 
255 
255 
255 
255 
255 
255 
255 
255 
255 
255 
255 
255 
255 
255 
255 
255 
255 
255 
255 
255 
255 
255 
255 
255 
255 
255 
255 
255 
255 
255 
255 
255 
255 
255 
255 
255 
255 
255 
255 
255 
255 
255 
255 
255 
255 
255 
255 
255 
255 
255 
255 
255 
255 
71 
65 
0 
48 
7 
80 
0 
0 
123 
12 
126 
0 
0 
0 
1 
224 
0 
0 
128 
128 
5 
33 
0 
7 
216 
97 
0 
0 
1 
179 
40 
1 
144 
18 
255 
255 
224 
24 
0 
0 
1 
181 
20 
138 
0 
1 
0 
11 
0 
0 
1 
184 
0 
8 
0 
64 
0 
0 
1 
0 
0 
15 
255 
248 
0 
0 
1 
181 
143 
255 
243 
65 
128 
0 
0 
1 
1 
43 
242 
124 
3 
202 
207 
39 
172 
247 
187 
124 
231 
183 
252 
5 
243 
249 
122 
171 
60 
171 
179 
235 
36 
155 
202 
175 
109 
26 
71 
196 
238 
70 
128 
30 
210 
39 
109 
26 
120 
202 
119 
35 
73 
188 
69 
200 
210 
105 
85 
107 
227 
24 
188 
69 
136 
204 
244 
120 
139 
88 
209 
227 
19 
185 
24 
70 
81 
114 
48 
140 
226 
205 
41 
73 
69 
154 
70 
17 
59 
145 
133 
34 
45 
169 
8 
196 
92 
140 
41 
19 
182 
164 
41 
40 
182 
140 
177 
136 
179 
74 
82 
83 
179 
24 
82 
81 
109 
72 
70 
39 
71 
1 
0 
17 
102 
20 
140 
69 
202 
82 
130 
98 
46 
70 
148 
148 
236 
82 
106 
68 
90 
82 
120 
68 
90 
210 
103 
163 
196 
237 
98 
243 
60 
94 
80 
246 
143 
71 
157 
226 
242 
105 
189 
212 
244 
122 
199 
163 
195 
67 
221 
79 
71 
173 
120 
60 
52 
158 
234 
120 
86 
188 
30 
109 
15 
117 
65 
235 
94 
15 
18 
123 
174 
21 
144 
156 
61 
163 
193 
235 
37 
121 
69 
214 
242 
189 
116 
187 
196 
93 
59 
201 
189 
123 
201 
188 
74 
232 
222 
77 
235 
222 
77 
18 
128 
0 
0 
1 
2 
43 
242 
222 
179 
213 
255 
89 
239 
118 
249 
203 
127 
60 
158 
178 
43 
179 
60 
158 
127 
76 
237 
163 
44 
241 
85 
152 
194 
111 
41 
217 
140 
38 
148 
236 
248 
198 
49 
85 
200 
188 
103 
148 
237 
124 
209 
154 
83 
181 
133 
100 
34 
118 
175 
7 
172 
120 
68 
173 
30 
147 
189 
39 
22 
177 
157 
226 
242 
139 
173 
227 
59 
198 
26 
111 
104 
240 
172 
120 
71 
1 
0 
18 
60 
74 
210 
147 
189 
34 
118 
145 
154 
143 
57 
90 
210 
49 
136 
177 
26 
61 
34 
118 
105 
72 
202 
46 
82 
145 
148 
238 
70 
145 
148 
238 
82 
49 
136 
177 
24 
210 
83 
185 
72 
198 
83 
181 
140 
209 
136 
123 
71 
163 
214 
61 
30 
77 
55 
180 
131 
214 
61 
30 
34 
209 
226 
243 
69 
226 
118 
147 
60 
102 
148 
90 
60 
94 
103 
139 
202 
118 
143 
71 
172 
120 
68 
238 
183 
163 
214 
60 
34 
46 
183 
131 
214 
60 
34 
87 
83 
194 
178 
89 
202 
235 
120 
61 
99 
202 
241 
22 
143 
7 
157 
225 
18 
180 
164 
242 
196 
90 
106 
189 
89 
165 
209 
23 
84 
154 
179 
85 
233 
202 
0 
0 
1 
3 
43 
242 
255 
86 
117 
200 
153 
253 
239 
95 
57 
245 
183 
159 
202 
124 
242 
159 
182 
155 
203 
52 
173 
45 
166 
150 
105 
78 
218 
104 
120 
202 
171 
105 
188 
190 
111 
42 
173 
166 
242 
205 
229 
59 
105 
161 
55 
148 
236 
206 
71 
1 
0 
19 
240 
243 
211 
85 
138 
60 
98 
241 
59 
87 
131 
207 
71 
137 
90 
60 
94 
104 
196 
61 
171 
197 
231 
164 
78 
195 
209 
230 
140 
52 
90 
81 
231 
122 
73 
166 
247 
91 
209 
231 
140 
228 
247 
83 
209 
235 
30 
145 
23 
91 
209 
231 
122 
60 
52 
174 
186 
60 
239 
9 
197 
171 
210 
106 
68 
88 
154 
52 
148 
238 
82 
52 
136 
185 
26 
83 
103 
34 
243 
182 
19 
228 
207 
87 
237 
102 
149 
8 
12 
26 
112 
222 
35 
43 
139 
89 
193 
245 
37 
0 
235 
254 
112 
95 
236 
195 
255 
202 
176 
65 
8 
190 
101 
178 
72 
104 
215 
191 
198 
227 
226 
98 
51 
140 
73 
89 
75 
253 
27 
236 
31 
93 
200 
79 
192 
115 
146 
78 
204 
60 
235 
60 
5 
19 
105 
192 
170 
47 
167 
213 
27 
48 
105 
72 
3 
217 
255 
1 
122 
235 
177 
49 
40 
67 
245 
19 
235 
73 
93 
20 
96 
209 
183 
99 
210 
94 
142 
28 
21 
53 
165 
157 
200 
74 
71 
1 
0 
20 
51 
236 
254 
178 
33 
236 
82 
52 
136 
185 
52 
35 
19 
185 
52 
180 
148 
91 
66 
144 
137 
217 
133 
33 
17 
114 
20 
132 
74 
214 
17 
134 
156 
172 
73 
24 
78 
87 
37 
140 
177 
23 
37 
165 
34 
45 
116 
154 
105 
52 
233 
186 
244 
154 
125 
87 
58 
96 
0 
0 
1 
4 
43 
243 
62 
119 
143 
243 
123 
221 
190 
117 
238 
121 
253 
38 
254 
42 
123 
158 
111 
79 
53 
53 
92 
155 
209 
230 
138 
174 
77 
9 
229 
85 
207 
52 
60 
210 
157 
153 
188 
38 
148 
236 
207 
15 
55 
244 
213 
109 
230 
151 
205 
42 
172 
205 
225 
73 
69 
154 
82 
49 
59 
17 
164 
98 
46 
70 
52 
148 
238 
70 
19 
68 
88 
139 
194 
104 
139 
90 
79 
72 
157 
164 
43 
41 
18 
186 
224 
245 
144 
120 
139 
174 
147 
194 
109 
43 
90 
60 
105 
56 
181 
140 
206 
60 
226 
53 
104 
5 
106 
124 
194 
77 
227 
189 
145 
68 
196 
150 
255 
101 
99 
109 
71 
1 
0 
21 
11 
13 
200 
52 
251 
163 
207 
211 
179 
90 
146 
77 
204 
2 
238 
182 
182 
36 
55 
167 
59 
173 
124 
57 
249 
19 
92 
100 
32 
13 
11 
13 
50 
234 
13 
1 
138 
17 
124 
220 
77 
220 
64 
243 
66 
170 
6 
161 
183 
217 
255 
236 
82 
58 
242 
143 
45 
56 
115 
146 
49 
183 
92 
173 
204 
194 
130 
205 
185 
4 
194 
98 
122 
95 
31 
155 
99 
51 
108 
175 
120 
132 
192 
7 
136 
70 
193 
127 
222 
152 
104 
6 
189 
62 
242 
20 
232 
207 
250 
127 
90 
250 
214 
107 
11 
112 
234 
160 
196 
19 
64 
175 
117 
140 
195 
206 
16 
179 
230 
12 
41 
41 
251 
32 
37 
120 
245 
103 
51 
115 
125 
225 
192 
31 
0 
62 
225 
136 
220 
191 
159 
173 
182 
109 
135 
59 
128 
65 
131 
232 
38 
147 
10 
33 
33 
97 
214 
200 
13 
233 
234 
190 
208 
20 
0 
193 
37 
231 
74 
58 
16 
206 
141 
247 
127 
220 
246 
8 
210 
144 
192 
161 
79 
183 
71 
1 
0 
22 
201 
75 
14 
199 
252 
126 
198 
53 
229 
131 
114 
17 
153 
5 
18 
243 
173 
213 
156 
87 
1 
202 
120 
172 
109 
173 
4 
194 
145 
246 
98 
90 
86 
248 
255 
248 
18 
220 
253 
128 
159 
57 
174 
179 
214 
194 
44 
221 
103 
223 
171 
72 
8 
3 
75 
219 
128 
89 
209 
150 
180 
225 
124 
35 
49 
162 
53 
163 
0 
58 
45 
191 
204 
131 
63 
9 
235 
28 
128 
57 
120 
50 
111 
71 
220 
150 
82 
54 
204 
113 
107 
221 
151 
182 
198 
177 
139 
186 
4 
48 
210 
19 
108 
94 
228 
196 
55 
249 
31 
132 
182 
21 
132 
154 
187 
172 
180 
126 
125 
204 
130 
216 
235 
245 
192 
6 
76 
195 
69 
175 
184 
72 
164 
99 
200 
211 
240 
29 
20 
82 
250 
21 
132 
236 
112 
235 
142 
26 
148 
22 
228 
164 
37 
44 
127 
61 
92 
236 
121 
215 
72 
7 
104 
24 
128 
144 
241 
234 
59 
108 
62 
235 
74 
54 
62 
228 
66 
127 
54 
251 
4 
50 
208 
158 
71 
1 
0 
23 
167 
34 
19 
237 
54 
116 
247 
126 
204 
70 
174 
225 
247 
71 
185 
118 
183 
140 
180 
156 
173 
169 
10 
68 
91 
194 
88 
196 
236 
210 
88 
68 
91 
52 
41 
8 
149 
200 
82 
88 
139 
45 
45 
26 
19 
149 
200 
66 
17 
23 
37 
164 
52 
74 
228 
177 
150 
114 
177 
164 
155 
73 
167 
43 
77 
38 
159 
73 
58 
96 
0 
0 
1 
5 
43 
224 
60 
255 
198 
111 
239 
110 
240 
158 
199 
243 
60 
94 
47 
13 
55 
177 
51 
205 
25 
78 
228 
94 
62 
103 
148 
237 
103 
164 
210 
155 
216 
154 
147 
74 
171 
147 
82 
50 
157 
207 
60 
38 
148 
238 
79 
8 
196 
238 
77 
44 
101 
59 
49 
132 
98 
44 
198 
20 
136 
179 
72 
70 
34 
204 
101 
140 
167 
102 
105 
99 
17 
102 
50 
205 
229 
63 
114 
148 
164 
78 
228 
38 
132 
74 
196 
38 
173 
13 
38 
160 
152 
135 
47 
237 
128 
101 
27 
127 
219 
111 
252 
255 
99 
238 
137 
115 
221 
158 
71 
1 
0 
24 
5 
67 
64 
118 
145 
132 
205 
208 
134 
193 
38 
241 
3 
172 
104 
33 
113 
2 
93 
220 
117 
225 
128 
232 
1 
145 
100 
212 
13 
45 
56 
48 
118 
103 
247 
168 
67 
0 
126 
128 
206 
200 
195 
69 
189 
168 
9 
255 
197 
37 
6 
171 
137 
219 
221 
94 
158 
151 
219 
156 
236 
46 
226 
116 
37 
15 
139 
196 
188 
112 
188 
41 
237 
96 
7 
136 
79 
2 
221 
133 
43 
119 
34 
222 
33 
8 
1 
246 
33 
33 
149 
240 
215 
123 
212 
44 
4 
252 
55 
184 
166 
189 
133 
254 
158 
129 
204 
33 
108 
213 
36 
34 
96 
221 
131 
196 
30 
7 
73 
214 
20 
0 
193 
219 
183 
223 
19 
172 
64 
80 
10 
45 
216 
240 
167 
31 
112 
6 
1 
68 
6 
107 
160 
178 
111 
77 
168 
20 
2 
155 
190 
248 
8 
96 
35 
115 
136 
69 
13 
12 
249 
102 
110 
34 
66 
102 
24 
148 
117 
30 
28 
236 
221 
201 
210 
144 
177 
124 
190 
130 
149 
251 
119 
52 
71 
1 
0 
25 
231 
228 
120 
253 
92 
46 
217 
239 
8 
98 
8 
64 
38 
200 
45 
59 
247 
59 
102 
255 
252 
114 
143 
185 
136 
0 
122 
77 
78 
95 
108 
167 
116 
55 
206 
102 
217 
120 
57 
204 
181 
134 
0 
92 
89 
127 
13 
197 
167 
127 
150 
73 
216 
91 
98 
13 
198 
44 
1 
231 
24 
219 
109 
133 
51 
7 
146 
125 
234 
144 
210 
25 
248 
79 
201 
227 
199 
92 
129 
143 
178 
158 
250 
165 
128 
98 
26 
87 
236 
134 
236 
175 
221 
0 
17 
56 
215 
194 
73 
210 
33 
29 
40 
207 
211 
198 
229 
171 
100 
63 
49 
205 
238 
45 
189 
207 
4 
16 
20 
40 
160 
46 
6 
78 
103 
27 
159 
8 
61 
83 
128 
159 
21 
178 
83 
198 
100 
21 
187 
244 
43 
59 
28 
163 
207 
175 
22 
25 
219 
21 
132 
242 
36 
113 
183 
211 
236 
66 
70 
251 
4 
231 
24 
110 
71 
230 
245 
46 
235 
19 
64 
118 
148 
150 
252 
37 
63 
137 
233 
82 
251 
153 
136 
149 
71 
1 
0 
26 
160 
59 
1 
143 
13 
249 
43 
232 
86 
40 
163 
82 
102 
124 
106 
200 
241 
1 
209 
67 
11 
201 
38 
178 
73 
71 
227 
55 
253 
72 
23 
238 
60 
66 
67 
58 
115 
241 
213 
146 
254 
54 
243 
160 
152 
5 
85 
246 
232 
216 
114 
176 
118 
55 
185 
33 
142 
129 
96 
58 
44 
99 
151 
254 
253 
217 
207 
39 
17 
174 
88 
97 
48 
134 
5 
74 
72 
106 
67 
67 
8 
69 
41 
107 
233 
74 
204 
199 
177 
28 
69 
188 
52 
0 
224 
51 
231 
44 
178 
111 
207 
150 
176 
164 
110 
171 
211 
2 
160 
38 
1 
191 
251 
24 
126 
70 
252 
159 
113 
147 
0 
118 
6 
15 
39 
223 
76 
176 
29 
124 
164 
103 
237 
192 
126 
62 
215 
200 
73 
61 
131 
207 
193 
204 
125 
230 
200 
92 
10 
16 
221 
27 
148 
249 
194 
57 
37 
135 
177 
181 
160 
59 
70 
255 
160 
175 
184 
86 
216 
44 
240 
235 
219 
33 
129 
78 
25 
217 
190 
97 
247 
144 
76 
33 
71 
1 
0 
27 
146 
241 
129 
215 
233 
254 
217 
89 
117 
150 
34 
105 
8 
180 
115 
190 
14 
218 
215 
238 
187 
151 
91 
70 
16 
137 
91 
82 
16 
136 
179 
72 
66 
34 
204 
33 
6 
136 
182 
105 
105 
44 
226 
204 
180 
208 
137 
92 
150 
144 
157 
55 
33 
72 
105 
197 
201 
116 
41 
18 
185 
36 
97 
162 
86 
154 
88 
233 
116 
229 
0 
0 
0 
1 
6 
43 
228 
127 
53 
60 
215 
179 
120 
175 
114 
147 
71 
202 
111 
114 
62 
49 
120 
135 
184 
241 
143 
164 
170 
185 
230 
244 
140 
78 
231 
141 
35 
40 
179 
230 
165 
37 
59 
49 
132 
209 
23 
35 
74 
68 
236 
205 
44 
98 
44 
198 
17 
136 
185 
74 
82 
83 
179 
72 
70 
34 
205 
41 
72 
139 
49 
133 
34 
118 
102 
150 
146 
139 
104 
210 
145 
59 
52 
132 
101 
59 
63 
140 
223 
243 
30 
238 
55 
2 
161 
164 
180 
225 
24 
205 
140 
80 
251 
140 
27 
134 
134 
23 
133 
17 
117 
9 
128 
81 
71 
1 
0 
28 
201 
194 
47 
150 
0 
84 
5 
10 
229 
6 
144 
254 
127 
184 
204 
230 
41 
248 
125 
238 
0 
61 
38 
252 
148 
21 
186 
152 
111 
181 
1 
130 
16 
140 
176 
251 
146 
1 
65 
104 
24 
201 
126 
172 
249 
176 
127 
29 
48 
14 
128 
50 
44 
154 
157 
144 
190 
79 
107 
8 
6 
32 
24 
19 
64 
116 
66 
26 
26 
221 
104 
61 
255 
66 
240 
238 
221 
241 
151 
138 
144 
212 
59 
59 
123 
214 
217 
239 
122 
0 
96 
90 
208 
6 
67 
11 
194 
187 
252 
195 
156 
250 
224 
24 
54 
44 
188 
156 
128 
132 
183 
113 
14 
69 
182 
128 
232 
178 
208 
225 
175 
255 
63 
43 
124 
31 
204 
204 
71 
213 
192 
59 
44 
97 
13 
29 
220 
12 
176 
214 
57 
124 
252 
29 
96 
234 
103 
112 
230 
173 
151 
126 
48 
160 
40 
24 
51 
151 
147 
139 
24 
182 
205 
187 
177 
219 
11 
172 
0 
204 
172 
3 
174 
132 
110 
141 
246 
223 
254 
249 
134 
157 
182 
203 
71 
1 
0 
29 
226 
43 
192 
65 
185 
100 
46 
221 
15 
221 
178 
183 
103 
8 
251 
26 
166 
1 
252 
73 
189 
0 
81 
9 
252 
36 
53 
61 
105 
63 
102 
23 
248 
129 
87 
78 
113 
164 
159 
197 
78 
200 
97 
49 
33 
168 
233 
79 
8 
43 
229 
244 
125 
159 
153 
176 
187 
128 
2 
4 
19 
16 
19 
151 
240 
196 
10 
21 
190 
189 
95 
0 
126 
143 
184 
10 
80 
132 
103 
98 
153 
248 
190 
47 
214 
129 
64 
16 
144 
192 
118 
90 
70 
97 
156 
190 
132 
21 
178 
155 
43 
13 
18 
173 
81 
104 
73 
123 
231 
98 
5 
13 
127 
37 
1 
49 
52 
162 
201 
142 
81 
204 
78 
50 
220 
3 
176 
11 
242 
58 
146 
217 
14 
55 
229 
168 
117 
209 
192 
39 
38 
0 
58 
1 
6 
43 
255 
195 
67 
81 
212 
2 
37 
96 
173 
123 
174 
1 
137 
120 
55 
187 
50 
91 
159 
254 
102 
94 
78 
30 
117 
233 
147 
0 
97 
139 
73 
105 
3 
206 
200 
115 
110 
84 
71 
1 
0 
30 
151 
198 
35 
97 
215 
228 
64 
66 
0 
236 
111 
217 
31 
167 
1 
228 
229 
239 
254 
90 
68 
26 
177 
119 
116 
6 
32 
33 
73 
96 
40 
206 
27 
145 
243 
24 
86 
226 
58 
185 
183 
83 
144 
246 
74 
176 
243 
149 
143 
60 
42 
160 
48 
10 
167 
116 
140 
1 
202 
93 
186 
191 
102 
126 
178 
45 
228 
148 
5 
16 
140 
172 
117 
213 
211 
239 
25 
64 
48 
232 
64 
25 
38 
129 
110 
206 
135 
126 
150 
115 
242 
149 
133 
214 
224 
66 
255 
100 
244 
0 
233 
60 
164 
134 
63 
229 
37 
89 
59 
27 
248 
179 
174 
137 
52 
52 
10 
144 
184 
212 
150 
75 
67 
225 
168 
79 
125 
183 
20 
126 
194 
43 
137 
133 
128 
216 
10 
230 
237 
192 
114 
87 
126 
201 
206 
18 
135 
60 
231 
205 
103 
183 
206 
181 
152 
165 
76 
251 
242 
217 
0 
100 
152 
130 
210 
148 
21 
137 
5 
154 
90 
62 
63 
54 
203 
234 
39 
221 
146 
249 
64 
136 
0 
136 
71 
1 
0 
31 
45 
156 
33 
221 
210 
102 
73 
194 
68 
92 
176 
196 
160 
7 
101 
237 
146 
128 
151 
249 
0 
93 
8 
197 
255 
219 
116 
185 
255 
176 
207 
240 
117 
81 
96 
58 
79 
71 
45 
40 
227 
83 
246 
36 
169 
148 
253 
199 
157 
153 
133 
219 
32 
178 
82 
185 
166 
28 
121 
28 
76 
51 
223 
169 
38 
149 
195 
74 
237 
190 
45 
31 
114 
155 
179 
243 
130 
82 
59 
19 
239 
44 
3 
164 
23 
128 
162 
49 
96 
96 
178 
201 
65 
43 
99 
206 
98 
81 
28 
125 
72 
12 
64 
27 
6 
32 
3 
68 
144 
203 
75 
164 
255 
144 
114 
7 
101 
28 
121 
26 
239 
0 
50 
38 
240 
16 
6 
227 
80 
90 
190 
237 
240 
174 
187 
168 
7 
100 
204 
1 
152 
97 
124 
174 
3 
142 
115 
30 
198 
110 
58 
229 
33 
6 
128 
84 
156 
230 
145 
111 
56 
21 
12 
73 
70 
12 
112 
253 
254 
186 
133 
172 
6 
151 
136 
1 
216 
8 
16 
67 
43 
18 
81 
249 
71 
1 
0 
16 
193 
1 
3 
192 
141 
234 
128 
98 
2 
98 
192 
162 
66 
119 
226 
204 
107 
236 
3 
80 
222 
249 
192 
196 
141 
190 
141 
37 
19 
27 
107 
11 
48 
133 
34 
44 
194 
144 
137 
89 
132 
41 
56 
185 
10 
75 
18 
179 
165 
164 
39 
43 
146 
198 
89 
202 
228 
177 
150 
37 
113 
161 
72 
104 
139 
144 
166 
151 
68 
172 
105 
52 
210 
206 
32 
0 
0 
1 
7 
43 
230 
70 
30 
55 
177 
120 
214 
209 
132 
210 
157 
152 
248 
70 
39 
102 
105 
99 
19 
182 
154 
17 
148 
92 
121 
165 
154 
83 
179 
24 
70 
34 
204 
97 
24 
157 
152 
194 
49 
23 
35 
10 
74 
45 
169 
8 
206 
44 
210 
17 
148 
92 
141 
35 
57 
220 
165 
41 
40 
185 
24 
77 
19 
179 
233 
74 
120 
139 
49 
165 
37 
59 
145 
132 
101 
22 
54 
26 
248 
126 
243 
240 
143 
176 
209 
202 
149 
218 
185 
61 
4 
223 
246 
235 
28 
188 
21 
124 
184 
2 
130 
30 
216 
154 
71 
1 
0 
17 
76 
231 
240 
156 
70 
247 
188 
0 
228 
51 
185 
69 
152 
72 
247 
230 
201 
128 
39 
196 
45 
137 
69 
252 
115 
140 
98 
127 
22 
58 
226 
150 
132 
19 
64 
64 
26 
5 
64 
99 
203 
74 
50 
58 
89 
61 
182 
198 
108 
248 
243 
151 
122 
192 
13 
6 
63 
205 
145 
241 
255 
175 
110 
34 
225 
128 
102 
128 
196 
128 
195 
13 
1 
222 
74 
21 
255 
118 
219 
111 
159 
44 
209 
87 
158 
67 
64 
78 
30 
231 
181 
232 
149 
204 
191 
98 
3 
96 
220 
66 
72 
105 
52 
35 
19 
70 
244 
108 
165 
14 
28 
56 
42 
236 
100 
37 
35 
87 
198 
134 
39 
127 
197 
62 
100 
230 
60 
13 
88 
64 
53 
0 
207 
128 
63 
33 
148 
5 
0 
166 
224 
96 
160 
140 
103 
75 
254 
191 
131 
206 
178 
129 
84 
20 
1 
119 
67 
132 
150 
144 
194 
241 
121 
76 
221 
10 
10 
89 
58 
229 
201 
227 
49 
158 
76 
220 
77 
249 
240 
16 
0 
156 
152 
25 
71 
1 
0 
18 
128 
202 
80 
142 
229 
63 
199 
114 
97 
111 
242 
88 
126 
112 
144 
17 
221 
224 
19 
128 
57 
26 
145 
129 
153 
153 
214 
127 
57 
123 
10 
62 
236 
242 
26 
80 
143 
183 
61 
137 
248 
13 
90 
9 
132 
212 
6 
22 
253 
105 
16 
165 
11 
171 
54 
15 
145 
42 
249 
169 
33 
161 
4 
212 
114 
98 
63 
233 
109 
251 
63 
252 
115 
8 
254 
243 
96 
15 
191 
12 
74 
64 
170 
81 
185 
68 
45 
146 
59 
13 
49 
132 
246 
39 
222 
172 
10 
6 
254 
67 
37 
182 
64 
207 
133 
231 
34 
222 
44 
3 
82 
192 
160 
20 
0 
185 
4 
34 
186 
28 
53 
59 
244 
108 
189 
182 
127 
191 
116 
129 
255 
231 
249 
128 
79 
176 
113 
179 
250 
251 
32 
24 
128 
57 
0 
180 
53 
59 
245 
239 
153 
39 
111 
142 
98 
120 
69 
212 
228 
60 
53 
28 
189 
212 
206 
103 
228 
64 
55 
116 
6 
164 
52 
53 
47 
134 
12 
115 
219 
54 
34 
153 
82 
89 
71 
1 
0 
19 
53 
36 
54 
94 
8 
87 
102 
57 
143 
15 
169 
241 
148 
140 
191 
62 
3 
162 
106 
18 
19 
211 
186 
59 
178 
179 
136 
226 
236 
125 
29 
92 
166 
236 
19 
152 
230 
59 
226 
61 
234 
3 
63 
86 
117 
56 
140 
227 
196 
220 
144 
24 
0 
239 
148 
26 
129 
171 
216 
241 
202 
60 
141 
115 
32 
191 
108 
146 
172 
0 
63 
45 
139 
37 
48 
238 
131 
221 
190 
9 
67 
137 
183 
128 
232 
134 
55 
32 
163 
254 
100 
134 
15 
124 
177 
142 
99 
231 
66 
67 
174 
88 
6 
36 
194 
89 
48 
6 
229 
119 
24 
52 
74 
23 
254 
32 
222 
165 
9 
232 
45 
74 
102 
74 
7 
238 
127 
39 
234 
93 
225 
8 
85 
252 
240 
12 
96 
24 
134 
32 
154 
76 
41 
7 
108 
156 
133 
37 
121 
209 
216 
211 
47 
156 
0 
104 
66 
40 
10 
128 
232 
10 
36 
188 
18 
83 
57 
203 
249 
75 
230 
159 
123 
176 
2 
160 
194 
192 
119 
130 
58 
6 
6 
6 
71 
1 
0 
20 
241 
168 
4 
96 
4 
74 
49 
123 
56 
252 
151 
24 
58 
249 
190 
40 
2 
160 
207 
209 
135 
246 
199 
37 
199 
99 
28 
85 
239 
0 
102 
77 
94 
43 
117 
238 
162 
7 
184 
64 
160 
102 
111 
254 
85 
251 
48 
3 
29 
134 
237 
155 
169 
97 
63 
101 
24 
216 
14 
221 
222 
1 
166 
1 
208 
12 
16 
89 
125 
46 
150 
78 
55 
237 
206 
97 
118 
112 
6 
232 
13 
192 
85 
33 
163 
73 
89 
251 
20 
156 
229 
158 
70 
60 
219 
104 
103 
33 
128 
98 
77 
12 
38 
6 
255 
210 
27 
209 
182 
66 
115 
163 
57 
39 
146 
113 
215 
150 
3 
164 
116 
19 
16 
221 
89 
105 
230 
157 
119 
147 
120 
212 
137 
234 
191 
151 
144 
183 
72 
20 
12 
255 
101 
148 
142 
96 
229 
44 
69 
219 
0 
212 
132 
158 
132 
236 
51 
190 
234 
227 
62 
14 
83 
145 
46 
2 
9 
128 
96 
133 
131 
50 
127 
25 
182 
118 
119 
107 
178 
5 
64 
96 
26 
151 
